0 0.747764 0.443584 0.051262 0.077434
0 0.656891 0.532080 0.049708 0.068584
0 0.508544 0.344027 0.060582 0.086283
0 0.475923 0.619469 0.076116 0.141593
0 0.455729 0.461283 0.048155 0.095133
0 0.372623 0.465708 0.052815 0.077434
0 0.719027 0.204646 0.049708 0.077434
0 0.668542 0.278761 0.048155 0.084071
0 0.857277 0.321903 0.055922 0.090708
0 0.922519 0.388274 0.046601 0.121681
0 0.549708 0.115044 0.037281 0.057522
0 0.489126 0.113938 0.049708 0.077434
0 0.340002 0.169248 0.052815 0.112832
0 0.859607 0.574115 0.073009 0.112832
0 0.889122 0.828540 0.063689 0.112832
0 0.816113 0.838496 0.057475 0.141593
0 0.666988 0.832965 0.054368 0.064159